solution using L_U
matrix Y [[-1.66], [-0.16999999999999993], [2.932], [-1.33], [-0.7405222222222223], [2.080162162162162]]
using jacobi
[[-1.8], [-0.16999999999999993], [2.932], [-1.43], [-0.7405222222222223], [2.080162162162162]]
solution matrix is [[-0.3323064935064935], [0.331795670995671], [0.9995419913419913], [-0.6650792207792208], [-5.2813852813838974e-05], [0.6663722943722944]]
conguate gradient inverse [[0.75, 0.24, 0.08, -0.03, 0.08, 0.02], [0.67, 0.51, 0.16, 0.02, 0.14, 0.04], [-0.18, -0.01, 0.26, -0.32, -0.12, 0.05], [-0.03, 0.08, 0.02, 0.75, 0.24, 0.08], [0.02, 0.14, 0.04, 0.67, 0.51, 0.16], [-0.32, -0.12, 0.05, -0.18, -0.01, 0.26]]
[0, 1, 2, 3, 4, 5]
[1.1539638872431082, 1.4085259683344031, 1.3985686375248947, 0.7147443537227927, 0.39454527898503294, 0.49290915012416053]
inverse jacobi [[0.95, 0.31, 0.09, 0.24, 0.15, 0.06], [0.86, 0.56, 0.17, 0.38, 0.27, 0.1], [0.28, 0.2, 0.33, 0.21, 0.13, 0.12], [0.21, 0.13, 0.06, 0.91, 0.29, 0.08], [0.38, 0.27, 0.1, 0.86, 0.56, 0.17], [0.21, 0.12, 0.12, 0.28, 0.2, 0.33]]
Guass siedel:[[0.93490644 0.86998776 0.2596891  0.20766252 0.41541074 0.16876865],[0.28997254 0.58002315 0.17313734 0.13847025 0.27697875 0.11252621],[0.08655462 0.17313734 0.3203381  0.05625622 0.11252621 0.10821506],[0.20766252 0.41546813 0.16878931 0.93495881 0.86998776 0.2596891 ],[0.13847025 0.27700437 0.11253543 0.28999592 0.58002315 0.17313734],[0.05625622 0.11253543 0.10821838 0.08656303 0.17313734 0.3203381 ]]

